BigBuckBunny:	0.6873255151492986
BoyWhoNeverSlept:	0.59499501226257
CosmosLaundromat:	0.8762289196765004
fires_beneath_water:	0.6571701337703939
Honey:	0.7655161335031261
La_chute_d_une_plume:	0.763242903466258
Meridian_Netflix:	0.75074451874825
Route_66:	0.6429094901325236
StarWreck:	0.7134670524454523
Average:	0.7168444087949303
